inf 5 68 68 18 62 46 44 36 5 22 37 57 85 39 42 55 82 53 54
5 inf 72 73 18 65 52 49 42 11 26 41 59 88 38 41 60 82 58 58
68 72 inf 13 57 22 44 33 44 63 46 77 34 38 65 60 29 56 20 17
68 73 13 inf 61 34 36 27 38 62 46 71 45 51 72 68 19 69 15 26
18 18 57 61 inf 47 50 43 39 18 19 52 40 69 23 24 53 63 48 42
62 65 22 34 47 inf 56 43 51 58 43 82 12 24 47 41 44 35 34 12
46 52 44 36 50 56 inf 13 10 41 30 36 60 79 70 69 16 89 24 44
44 49 33 27 43 43 13 inf 11 38 24 44 48 66 61 59 11 76 13 31
36 42 44 38 39 51 10 11 inf 30 20 33 54 75 60 59 21 83 24 39
5 11 63 62 18 58 41 38 30 inf 17 34 54 82 41 43 49 80 48 50
22 26 46 46 19 43 30 24 20 17 inf 41 41 68 40 40 35 69 31 34
37 41 77 71 52 82 36 44 33 34 41 inf 82 107 75 77 52 110 57 71
57 59 34 45 40 12 60 48 54 54 41 82 inf 29 36 30 52 29 42 19
85 88 38 51 69 24 79 66 75 82 68 107 29 inf 63 57 66 25 56 36
39 38 65 72 23 47 70 61 60 41 40 75 36 63 inf 6 70 49 63 48
42 41 60 68 24 41 69 59 59 43 40 77 30 57 6 inf 67 43 59 43
55 60 29 19 53 44 16 11 21 49 35 52 52 66 70 67 inf 79 10 33
82 82 56 69 63 35 89 76 83 80 69 110 29 25 49 43 79 inf 69 46
53 58 20 15 48 34 24 13 24 48 31 57 42 56 63 59 10 69 inf 23
54 58 17 26 42 12 44 31 39 50 34 71 19 36 48 43 33 46 23 inf
